90
92
844
829
828
825
823
822
821
819
818
817
814
811
810
809
808
807
803
801
800
799
798
797
796
795
791
789
786
785
784
783
782
781
780
779
777
776
775
774
773
772
771
770
769
768
767
761
760
759
758
757
756
755
754
753
749
747
746
745
744
743
742
741
740
739
738
737
732
731
729
727
726
725
721
720
719
718
714
713
711
706
705
704
703
701
700
699
698
692
691
690
689
687
686
685
684
683
680
679
678
672
671
663
660
655
643
641
640
607
606
605
604
603
602
601
600
570
568
567
566
565
564
563
562
561
560
559
555
554
553
551
550
549
547
546
545
544
543
542
541
540
539
536
535
534
533
532
531
530
529
528
527
526
525
522
521
520
519
518
516
515
512
511
510
509
508
507
506
505
503
502
501
500
497
496
495
494
493
492
486
485
484
483
482
481
480
479
478
477
476
475
474
471
470
469
468
467
466
465
464
463
462
461
460
459
458
456
455
454
453
452
451
450
449
446
445
444
443
442
441
440
439
437
436
435
434
433
432
431
430
429
428
427
426
425
424
423
422
420
419
416
414
411
410
409
408
407
406
405
404
403
401
399
397
396
395
394
392
391
390
389
388
386
385
384
383
382
379
378
377
376
375
374
373
372
370
369
367
366
365
362
361
360
359
358
356
355
354
353
352
351
350
349
348
347
346
345
344
343
342
341
340
339
338
337
336
335
334
333
332
330
329
328
327
326
325
324
323
322
321
320
319
318
317
316
315
314
313
312
311
309
306
305
304
303
302
301
300
299
298
297
296
294
293
291
290
289
288
286
285
283
282
281
280
279
278
277
276
275
274
273
272
271
270
268
267
265
264
263
261
260
259
258
257
255
254
253
252
251
250
249
248
247
246
245
243
242
239
238
237
236
235
234
233
232
231
230
229
228
227
226
225
224
223
222
221
220
219
218
217
216
215
214
213
212
211
210
208
207
206
205
204
203
201
200
199
197
196
195
193
192
191
188
187
186
185
184
183
182
181
180
178
177
176
173
172
171
170
169
168
167
166
165
164
163
162
161
160
159
156
155
154
153
152
151
150
149
148
147
145
144
143
142
141
140
139
138
136
135
134
133
128
127
126
125
123
122
121
120
118
117
113
112
110
109
107
106
105
104
102
101
97
96
95
93
